0.00131214
0
0
0
0
0
0
0
0
0
0
0
0
0
0
0
0
0
0
0
0
0
0.001107349
0
0
0
0
0
0
0
0
0
0
0
0
0
0
0
0
0
0
0
0
0
0
0
0
0
0
0
0
0
0
0
0
0
0
0
0
0
0
0
0
0
0
0
0
0
0
0
0
0
0
0
0
0
0
0
0
0
0
0
0
0
0
0
0
0
0
0
0
0
0
0
0.001146119
0.001305231
0.001415519
0.001445039
0.001368282
0.001188965
0
0
0
0
0
0
0
0
0
0
0
0
0.001717137
0.003420586
0.005715402
0.008545118
0.00998869
0.01372319
0.01754285
0.02114549
0.02414434
0.02611738
0.02672996
0.0258459
0.02361973
0.02044271
0.01685635
0.01338567
0.01042313
0.008167383
0.008623478
0.007731302
0.007227889
0.006932379
0.006694047
0.006407928
0.006009351
0.00547723
0.004838684
0.004159181
0.003523051
0.002997181
0.002605792
0.002294951
0.001952971
0.001394186
0
0
0
0
0
0
0
0
0
0
0
0
0
0
0
0
0
0
0
0
0
0
0
0
0
0
0
0
0
0
0
0
0
0
0
0
0
0
0
0
0
0
0
0
0
0
0
0
0
0
0
0
0
0
0
0
0
0
0
0
0
0
0.001784761
0.01117242
0.02209317
0.03207266
0.04107646
0.04906521
0.05528537
0.06085648
0.0650064
0.06760062
0.06866208
0.06843928
0.06740293
0.06614569
0.06521508
0.06497953
0.06557795
0.06693361
0.06885339
0.07110479
0.0734797
0.07579718
0.07792453
0.0797638
0.08128672
0.08251811
0.08355415
0.08452733
0.0855703
0.08678591
0.08822986
0.08988457
0.09164136
0.09333447
0.09474235
0.09566046
0.09599199
0.09578037
0.09526205
0.09477556
0.09467682
0.09518135
0.09629436
0.09784025
0.0995661
0.1012484
0.1027768
0.1041425
0.1053889
0.1065428
0.1075878
0.1084345
0.108966
0.1090799
0.1087003
0.1077838
0.106304
0.1042709
0.1017583
0.09889469
0.09587786
0.09292357
0.09030015
0.08831493
0.08726794
0.08736394
0.08857036
0.09057914
0.09279682
0.09450088
0.09502389
0.09395416
0.09128837
0.08741672
0.08299085
0.07869915
0.07505213
0.07229868
0.07041678
0.06922215
0.06848926
0.06799723
0.0676102
0.06724719
0.06686033
0.06641343
0.065833
0.06503347
0.06391657
0.06243193
0.06058838
0.05845667
0.05616495
0.0538571
0.0522943
0.05031006
0.04862616
0.0472776
0.04625818
0.04551087
0.04492857
0.04437236
0.0437213
0.04290749
0.04193751
0.04087853
0.0398207
0.03885333
0.0380406
0.03740943
0.03694135
0.03654702
0.03607921
0.03534524
0.03416029
0.0324037
0.03006665
0.02726031
0.02419528
0.02110681
0.01818163
0.0155108
0.01307585
0.01076423
0.008425199
0.007930468
0.00522322
0.002085401
0
0
0
0
0
0
0
0
0
0
0
0
0
0
0
0
0
0
0
0
0
0
0
0
0
0
0
0
0
0
0
0
0
0
0
0
0
0
0
0
0
0
0
0
0
0
0
0
0
0
0
0
0
0
0
0
0
0
0
0
0
0
0
0
0
0
0
0
0
0
0
0
0
0
0
0
0
0
0
0
0
0
0
0
0
0
0
0
0
0
0
0
0
0
0
0
0
0
0
0
0
0
0
0
0
0
0.0086498
0.01901614
0.029043
0.03842718
0.04693649
0.0537485
0.05998961
0.06506801
0.06902234
0.07198366
0.07415669
0.07581349
0.07724333
0.07870723
0.08037464
0.08228901
0.08435326
0.0863957
0.08822991
0.08973923
0.09092691
0.09186064
0.09267086
0.09346567
0.09431386
0.09522528
0.096191
0.09716593
0.09810483
0.09896658
0.09968545
0.1002135
0.1005074
0.1005473
0.1003351
0.09990574
0.09930445
0.09861739
0.09797064
0.09749982
0.0973265
0.09746356
0.0978075
0.09814633
0.09824704
0.09794912
0.09726026
0.0963386
0.09545632
0.09489399
0.09478166
0.09509075
0.09562274
0.09612009
0.09637555
0.09627726
0.09579755
0.09498008
0.0939145
0.09273741
0.09162179
0.09071644
0.09007274
0.08959046
0.08904649
0.0881894
0.08688738
0.08520035
0.08336855
0.08170219
0.08041133
0.0795326
0.07890978
0.07829575
0.07744706
0.07619274
0.07443787
0.07215517
0.06938045
0.06623691
0.06292945
0.05969359
0.05673825
0.05417309
0.05262972
0.05074662
0.04908199
0.04755679
0.04612605
0.04476048
0.04341814
0.04202587
0.04050396
0.03879301
0.03686055
0.03472431
0.0324273
0.03004486
0.0276726
0.02540214
0.02327684
0.0212396
0.01913814
0.01676385
0.01395343
0.01062565
0.008784776
0.004730769
0
0
0
0
0
0
0
0
0
0
0
0
0
0
0
0
0
0
0
0
0
0
0
0
0
0
0
0
0
0
0
0
0
0
0
0
0
0
0
0
0
0
0
0
0
0
0
0
0
0
0
0
0
0
0
0
0
0
0
0
0
0
0
0
0
0
0
0
0
0
0
0
0
0
0
0
0
0
0
0
0
0
0
0
0
0
0
0
0
0
0
0
0
0
0
0
0.003204968
0.01298976
0.02547267
0.03768114
0.04886717
0.05765153
0.06485333
0.06974038
0.07254173
0.07378713
0.07416405
0.07431326
0.07468903
0.07549132
0.07671595
0.07823119
0.07988051
0.08153015
0.08308025
0.08447896
0.08574037
0.08694208
0.08822074
0.08972306
0.09153312
0.09365018
0.09595086
0.09824932
0.1003284
0.1020045
0.1031932
0.1038861
0.1041804
0.1042016
0.1040992
0.1039771
0.1038878
0.1038295
0.1037619
0.1036672
0.1035609
0.1034872
0.1034794
0.1035211
0.1035568
0.1035188
0.1033625
0.1031035
0.1027776
0.1024087
0.101969
0.1013619
0.1004836
0.09928372
0.09783514
0.09630153
0.09485969
0.09359771
0.09248322
0.09141158
0.09027636
0.08903834
0.08771957
0.08637062
0.08504007
0.08373046
0.08241945
0.08107008
0.07965461
0.07819089
0.07670444
0.0752305
0.07376927
0.07227141
0.07063802
0.06874574
0.06650244
0.06388184
0.06094968
0.05785159
0.05474608
0.0523975
0.04960204
0.04705172
0.04475787
0.04271807
0.04094634
0.03945244
0.03824411
0.03732441
0.03666961
0.03622259
0.03588502
0.03551464
0.03495244
0.03403401
0.03260622
0.03053437
0.02770699
0.0240774
0.01966495
0.0145661
0.008921337
0.005062828
0
0
0
0
0
0
0
0
0
0
0
0
0
0
0
0
0
0
0
0
0
0
0
0
0
0
0
0
0
0
0
0
0
0
0
0
0
0
0
0
0
0
0
0
0
0
0
0
0
0
0
0
0
0
0
0
0
0
0
0
0
0
0
0
0
0
0
0
0
0
0
0
0
0
0
0
0
0
0
0
0
0
0
0
0
0
0
0
0
0
0
0
0
0
0
0
0
0
0
0
0
0
0.001717556
0.006710976
0.010283
0.0163224
0.02258839
0.02887586
0.03496002
0.0406283
0.0456906
0.04998654
0.05339814
0.05523364
0.05691565
0.05803641
0.05889256
0.05976555
0.06082223
0.06209445
0.06351471
0.06498258
0.06643774
0.06787
0.06932114
0.07085004
0.07250901
0.07438275
0.07656016
0.07910369
0.08200828
0.08517986
0.08840646
0.09142856
0.09399056
0.09589881
0.09707025
0.09752666
0.09738181
0.09680451
0.09599385
0.09519308
0.09466025
0.09459408
0.09510335
0.09614733
0.09755716
0.09911598
0.1006126
0.1018901
0.1028671
0.1035379
0.1039126
0.1040042
0.1038073
0.1033606
0.102798
0.1022861
0.1019777
0.101884
0.1018754
0.1017726
0.1014599
0.1009599
0.1004373
0.1000994
0.1001028
0.1004592
0.1010199
0.1015373
0.1017535
0.1014762
0.1006179
0.09917392
0.09720808
0.09485023
0.09228365
0.08970653
0.08727989
0.08506177
0.08304717
0.08119626
0.07951983
0.07808926
0.07701497
0.07636084
0.07607864
0.07599414
0.07585497
0.07545535
0.07472825
0.0737633
0.07275873
0.07189351
0.07127685
0.07090391
0.07070154
0.07058136
0.07045135
0.07022181
0.06982653
0.0692233
0.06843475
0.06753087
0.06657521
0.06557239
0.06445154
0.06310736
0.06145885
0.05950929
0.05735899
0.05516387
0.05306998
0.05176474
0.04996254
0.04818807
0.04629855
0.04415401
0.04164192
0.03867024
0.0351572
0.03101014
0.02611339
0.0203415
0.01357077
0.007776572
0
0
0
0
0
0
0
0
0
0
0
0
0
0
0
0
0
0
0
0
0
0
0
0
0
0
0
0
0
0
0
0
0
0
0
0
0
0
0
0
0
0
0
0
0
0
0
0
0
0
0
0
0
0
0
0
0
0
0
0
0
0
0
0
0
0
0
0
0
0
0
0
0
0
0
0
0
0
0
0
0
0
0
0
0
0
0
0
0
0
0
0
0
0
0
0
0
0
0
0
0
0
0
0
0
0
0
0
0
0
0
0
0
0
0
0
0
0
0
0
0
0
0
0
0
0
0
0
0
0
0
0
0
0
0
0
0
0
0
0
0
0
0
0
0
0
0
0
0
0
0
0
0
0
0
0
0
0
0
0
0
0
0
0
0
0
0
0
0
0
0
0
0
0
0
0
0
0
0
0
0
0
0
0
0
0
0
0
0
0
0
0
0
0
0
0
0
0
0
0
0
0
0.004044887
0.00785087
0.01358443
0.01832949
0.02149556
0.02317076
0.02458097
0.02863645
0.04067136
0.06824841
0.1237689
0.2181746
0.3585998
0.5086159
0.6642587
0.81372
0.9309617
0.9960853
1.001994
0.9564834
0.8782055
0.7891387
0.7069857
0.6408294
0.591233
0.5540359
0.5243624
0.4993195
0.4783676
0.4622171
0.4516237
0.4461371
0.4440103
0.4428867
0.4405733
0.4360273
0.4293345
0.42129
0.4142398
0.4028059
0.3916807
0.3811564
0.3715664
0.3631376
0.355755
0.3491357
0.3427363
0.3360947
0.3289633
0.3213224
0.3128066
0.3044906
0.2961707
0.2881782
0.2809125
0.2746125
0.2693318
0.2648247
0.2607757
0.2569287
0.2532511
0.249831
0.2468034
0.2440905
0.2413436
0.23811
0.2340138
0.2289491
0.2230548
0.2166132
0.2098535
0.2029482
0.1960639
0.189403
0.1832125
0.1776625
0.1728203
0.1685693
0.164702
0.1609659
0.1571929
0.1533057
0.1493916
0.1456003
0.1420456
0.1387596
0.1356252
0.1324628
0.1291208
0.1255927
0.1220435
0.1187483
0.1159451
0.1137019
0.1118561
0.110154
0.1083848
0.1064588
0.1043924
0.1022119
0.09993163
0.09757069
0.09519935
0.09294727
0.09094071
0.08925048
0.08786175
0.08671097
0.08571666
0.08482505
0.08398409
0.08313268
0.08221599
0.08120499
0.08011954
0.07902884
0.0780167
0.07710826
0.07624064
0.07527915
0.07414052
0.0728519
0.0715877
0.07056981
0.06993028
0.06964558
0.06953663
0.06935303
0.06886953
0.06796417
0.0666443
0.06501989
0.06324972
0.06148694
0.05985385
0.05843399
0.05726358
0.05630833
0.05547665
0.05465133
0.05376625
0.05344754
0.05244821
0.05146981
0.05053614
0.04966801
0.04887901
0.04819877
0.04765425
0.04724948
0.04695308
0.04670058
0.04641848
0.04603811
0.04552574
0.04489296
0.04419949
0.04353902
0.04300334
0.04263403
0.04239645
0.04218293
0.04186407
0.04135684
0.04066405
0.03987505
0.03909532
0.03839825
0.0377911
0.0372369
0.03670526
0.03619738
0.03576038
0.03544741
0.03529316
0.03528103
0.03533986
0.03536098
0.03523768
0.03490289
0.0343686
0.03371615
0.03308431
0.0326009
0.03234352
0.03231033
0.03243262
0.03260425
0.03273058
0.03273098
0.0325841
0.03231616
0.03200537
0.03174732
0.03160181
0.03155795
0.0315378
0.03145472
0.03126272
0.03100805
0.03079579
0.03071804
0.03078415
0.03089146
0.03088174
0.0306174
0.03007627
0.02935052
0.02861694
0.02803408
0.02768414
0.02752859
0.02744729
0.02729814
0.02699212
0.0265309
0.02598938
0.02547577
0.02505341
0.02472174
0.02442318
0.02409752
0.02371445
0.02329497
0.02288012
0.02248875
0.0221155
0.02172976
0.02131918
0.02090014
0.02051089
0.02018044
0.01990818
0.01966116
0.01940973
0.01915473
0.0189418
0.01882804
0.01884682
0.01898056
0.01916997
0.01933563
0.01941514
0.01938076
0.01923854
0.01901809
0.01874642
0.01844165
0.01811714
0.01779529
0.01751394
0.0172998
0.01715603
0.01706186
0.01698944
0.01694443
0.01698083
0.01716601
0.01753747
0.01805773
0.01861242
0.01904908
0.01924582
0.01915941
0.01884752
0.01842833
0.01802279
0.01771247
0.01752072
0.0174263
0.01739287
0.01736803
0.01729397
0.01712207
0.01682024
0.01641642
0.01599072
0.01565021
0.01548763
0.01551061
0.01565549
0.01580949
0.0158736
0.01580387
0.01562047
0.0153713
0.01511986
0.01492105
0.01482755
0.01488073
0.01509969
0.01544426
0.01580579
0.01605025
0.01606408
0.0158491
0.01552018
0.01524831
0.01517714
0.01532643
0.01558707
0.01576134
0.01566571
0.01522565
0.01451024
0.01368954
0.01297151
0.01249521
0.0122897
0.01226651
0.0122796
0.01217991
0.01189793
0.0114633
0.01096298
0.01050724
0.01016192
0.009919922
0.009714525
0.009442654
0.009021339
0.008446597
0.007814339
0.007302667
0.00708281
0.007234397
0.007711953
0.008367523
0.009045143
0.009638219
0.01012896
0.01054895
0.01092794
0.01123749
0.01139372
0.01129927
0.01090784
0.01025571
0.009465402
0.008674798
0.008005689
0.007521285
0.007229653
0.007109344
0.007126161
0.007246463
0.007428338
0.007632994
0.007839643
0.008051945
0.008301969
0.008628252
0.009036416
0.009491271
0.00992749
0.01026655
0.01046429
0.01052622
0.0105002
0.01043418
0.01036479
0.01029344
0.01021264
0.01011763
0.01000446
0.009856841
0.009635944
0.009314281
0.008887997
0.008403916
0.00795598
0.007642543
0.007521451
0.007582386
0.007743266
0.007906491
0.008003818
0.008039173
0.008063433
0.008116408
0.008196751
0.008238194
0.008170686
0.00795899
0.007640156
0.007306386
0.007046368
0.008867847
0.008773804
0.008657968
0.008475224
0.00825095
0.008059347
0.00797542
0.008002998
0.008086542
0.008136131
0.008097099
0.007987495
0.007883261
0.007867649
0.007965534
0.008152521
0.008355399
0.00852277
0.008650601
0.008777548
0.008938719
0.007174009
0.007371855
0.007475735
0.007438728
0.007262009
0.008974501
0.008706309
0.008463953
0.00827725
0.00816728
0.008145645
0.008212786
0.008348171
0.008510542
0.008667772
0.00879895
0.008902836
0.008984223
0.007069084
0.007069351
0.008951081
0.008748253
0.00844598
0.008107092
0.007823183
0.007687679
0.007766719
0.008078364
0.00859605
0.007284418
0.007975593
0.008529807
0.008817739
0.008769671
0.008387839
0.007742924
0.008929148
0.008166071
0.007512996
0.007071224
0.006907848
0.007022209
0.007342403
0.007746018
0.008096188
0.008293747
0.008312801
0.008181307
0.007964175
0.007709409
0.007440689
0.007164007
0.006896003
0.006696009
0.00664527
0.006801204
0.007150657
0.007583829
0.007935461
0.008057351
0.007889329
0.007484566
0.006982936
0.006559382
0.006346893
0.006399528
0.006688485
0.007112732
0.007556882
0.007917419
0.008136202
0.008208174
0.008162492
0.008044085
0.007883051
0.007694839
0.007482344
0.007271593
0.00710975
0.007055273
0.007131134
0.00729327
0.00744295
0.007476488
0.007342796
0.00707188
0.006756877
0.00649624
0.006364668
0.006388647
0.006545558
0.006789679
0.007047722
0.007254095
0.007348791
0.007304818
0.007131171
0.006870872
0.006582422
0.006322495
0.00612266
0.005989372
0.005930928
0.005965734
0.006116111
0.006383301
0.006715964
0.007006013
0.007137359
0.007042901
0.006760958
0.006428767
0.006230353
0.006312966
0.00670512
0.007294342
0.007877226
0.008248487
0.008287632
0.008012263
0.00755409
0.007083259
0.006743062
0.006598009
0.00662264
0.006729022
0.006797908
0.006729667
0.006483258
0.006093592
0.005666175
0.005322276
0.005166465
0.005243191
0.005519087
0.005891667
0.006224767
0.006404283
0.006374101
0.006162895
0.005861832
0.005586943
0.005430695
0.005434147
0.005572314
0.005776509
0.005970441
0.006103083
0.006171445
0.006210362
0.006268135
0.00637544
0.006515793
0.006631669
0.006645727
0.00649044
0.006142107
0.005633126
0.005042663
0.004478633
0.004039836
0.003790119
0.003735072
0.003838709
0.00403925
0.004276117
0.004508201
0.004705792
0.004848404
0.0048968
0.004805994
0.004546532
0.004129
0.003630828
0.003177448
0.002893434
0.002852839
0.003044507
0.00339701
0.003815563
0.00422325
0.004584061
0.004888806
0.005133081
0.005310251
0.0053934
0.005369786
0.005247714
0.005084672
0.004957618
0.004938924
0.005056961
0.005277962
0.005519494
0.005669286
0.005638909
0.005394709
0.004985814
0.004531519
0.00417799
0.004037146
0.004140993
0.004440075
0.004816805
0.005143628
0.00532169
0.00532596
0.005185757
0.004967961
0.004736849
0.004520418
0.004323398
0.004136758
0.003952179
0.003784147
0.003651764
0.003572259
0.003548128
0.003552571
0.0035417
0.003481237
0.00337287
0.003268986
0.003264274
0.00342696
0.003761814
0.004189177
0.004561443
0.004744598
0.004685951
0.004412303
0.004038289
0.003673509
0.003375427
0.00315467
0.002979607
0.0028343
0.002726678
0.002694555
0.002747735
0.002869331
0.00300326
0.003079558
0.003068283
0.002978945
0.002879806
0.002856258
0.002959666
0.003187994
0.003465696
0.003654528
0.003639679
0.003349121
0.002810783
0.00214078
0.00149137
0
0
0
0.001170954
0.001559923
0.001903067
0.002108154
0.002169965
0.002141982
0.002101627
0.002097206
0.002132238
0.002186956
0.00222413
0.002212025
0.002145699
0.002026319
0.001875578
0.001713884
0.001551612
0.001400056
0.001275472
0.001182458
0.001104243
0
0
0
0
0
0
0
0
0
0
0
0
0
0
0
0
0
0
0
0
0
0
0
0
0
0
0
0
0
0
0
0
0
0
0
0
0
0
0
0
0
0
0
0.001196393
0.001317062
0.001321061
0.001214297
0
0
0
0
0
0.001273257
0.001587734
0.001792312
0.001853027
0.001804856
0.00170297
0.001585328
0.001459505
0.001332727
0.001234425
0.001206556
0.001283787
0.001438136
0.001598525
0.00167429
0.001611926
0.001410574
0.001110375
0
0
0
0
0
0
0
0
0
0
0
0
0
0
0
0
0
0
0
0
0
0
0
0
0
0
0
0
0
0
0
0
0
0
0
0
0
0
0
0
0
0
0
0
0
0
0
0
0
0
0
0
0
0
0
0
0
0
0
0
0
0
0
0
0
0
0
0
0
0
0
0
0
0
0
0
0
0
0
0
0
0
0
0
0
0
0
0
0
0
0
0
0
0
0
0
0
0
0
0
0
0
0
0
0
0
0
0
0
0
0
0
0
0
0
0
0
0
0
0
0
0
0
0
0
0
0
0
0
0
0
0
0
0
0
0
0
0
0
0
0
0
0
0
0
0
0
0
0
0
0
0
0.001267305
0.001490258
0.001473959
0.001259676
0
0
0
0
0
0
0
0
0
0
0
0
0
0
0
0
0
0
0
0
0
0
0
0
0
0
0
0
0
0
0
0
0
0
0
0
0
0
0
0
0
0
0
0
0
0
0
0
0
0
0.001262981
0.001536887
0.001719755
0.001841164
0.001903703
0.001873788
0.001719619
0.001444505
0.001115224
0
0
0
0
0
0
0
0
0
0
0
0
0
0
0
0
0
0
0
0
0
0
0
0
0
0
0
0
0
0
0
0
0
0
0
0
0
0
0
0
0
0
0
0
0
0
0
0
0
0
0
0
0
0
0
0
0
0
0
0
0
0
0
0
0
0
0
0
0
0
0
0
0
0
0
0
0
0
0
0
0
0
0
0
0
0
0
0
0
0
0
0
0
0
0
0
0
0
0
0
0
0
0
0
0
0
0
0
0
0
0
0
0
0
0
0
0
0
0
0
0
0
0
0
0
0
0
0
0
0
0
0
0
0
0
0
0
0
0
0
0
0
0
0
0
0
0
0
0
0
0
0
0
0
0
0
0
0
0
0
0
0
0
0
0
0
0
0
0
0
0
0
0
0
0
0
0
0
0
0
0
0
0
0
0
0
0
0
0
0
0
0
0
0
0
0
0
0
0
0
0
0
0
0
0
0
0
0
0
0
0
0
0
0
0
0
0
0
0
0.007869106
0.01227845
0.01579816
0.01688434
0.0161835
0.01433042
0.01187305
0.009197129
0.008539896
0.006186685
0.004146048
0.002673989
0.002124115
0.002848752
0.005025936
0.008515241
0.01108435
0.01579105
0.01986367
0.02270381
0.02402343
0.0238524
0.02245552
0.02021641
0.01751257
0.01466089
0.01189789
0.009406688
0.007326801
0.007803883
0.006849969
0.006392458
0.006322707
0.006491296
0.006743033
0.006971408
0.007122669
0.007195438
0.007224735
0.007251588
0.007316035
0.007451726
0.007673708
0.007979283
0.008344629
0.008734546
0.007146942
0.007503329
0.00781565
0.008105996
0.008427654
0.008878598
0.009586792
0.01070334
0.01232683
0.01450565
0.01720402
0.02034359
0.02389498
0.02787159
0.03235174
0.03742346
0.0431289
0.04947563
0.05580229
0.0634451
0.07199107
0.08164685
0.09253199
0.1046202
0.1176757
0.131286
0.1448489
0.1576492
0.1688944
0.1779782
0.1846809
0.1892801
0.1924962
0.1951925
0.1980904
0.2014908
0.205211
0.2087839
0.2117198
0.2137423
0.2148896
0.2154468
0.2157681
0.2161856
0.2168844
0.2178886
0.2190925
0.2203728
0.2216856
0.2230554
0.2245781
0.2263322
0.2282892
0.2302973
0.2321178
0.2334647
0.2341189
0.2340339
0.2333892
0.2325068
0.231736
0.2312807
0.2311078
0.2309511
0.2304799
0.2295044
0.2280554
0.22635
0.2246538
0.2231057
0.221685
0.2202843
0.2188326
0.2173527
0.215983
0.2148559
0.2140423
0.2134754
0.213034
0.2125221
0.2117869
0.2106723
0.2090764
0.2069471
0.2043297
0.2014008
0.1984151
0.1956558
0.1933398
0.1916842
0.1907863
0.1906656
0.1912001
0.1921128
0.1930153
0.1934191
0.1928741
0.1911007
0.1881506
0.1843494
0.1801854
0.1760626
0.1722092
0.1686821
0.1654293
0.1623595
0.1593291
0.1562012
0.1528654
0.149342
0.1457581
0.142355
0.139313
0.1366343
0.1340831
0.1312792
0.1279099
0.1239528
0.1197041
0.1156451
0.1121696
0.1094035
0.1072119
0.1053363
0.1035789
0.1018909
0.1002583
0.0986452
0.09695099
0.09506567
0.09298867
0.09087851
0.08905285
0.08787658
0.08761968
0.08836861
0.08999611
0.09226071
0.0949028
0.09771226
0.1004875
0.1030022
0.1049826
0.1062159
0.1066274
0.1063604
0.1057071
0.1049686
0.1043445
0.1038429
0.1033207
0.1025946
0.1015643
0.100299
0.0990054
0.09790031
0.09708688
0.09647462
0.0958
0.09472281
0.09296242
0.09040544
0.0871084
0.08326971
0.07905001
0.07452328
0.06963445
0.06428024
0.05842307
0.05275815
0.04608521
0.03925814
0.03232359
0.02521325
0.01777487
0.009817475
0.00349038
0
0
0
0
0
0
0
0
0
0
0
0
0
0
0
0
0
0
0
0
0
0
0
0
0
0
0
0
0
0
0
0
0
0
0
0
0
0
0
0
0
0
0
0
0
0
0
0
0
0
0
0
0
0
0
0
0
0
0
0
0
0
0
0
0
0
0
0
0
0
0
0
0
0
0
0
0.002585886
0.01180753
0.02308979
0.03399039
0.04433343
0.05320351
0.06151565
0.0685642
0.07433322
0.07897691
0.08580203
0.08580203
0.08845633
0.09087353
0.09321643
0.09559692
0.09803142
0.1004356
0.1026987
0.10473
0.1065074
0.1080749
0.1094634
0.1106449
0.1115429
0.1120784
0.112245
0.1121649
0.1120436
0.112121
0.1125508
0.1134191
0.1147291
0.1164125
0.1183481
0.1203387
0.1221037
0.1233846
0.1240393
0.1241376
0.1239259
0.1236881
0.123584
0.1235266
0.1232719
0.1225763
0.1214037
0.119983
0.1186883
0.1178205
0.1173625
0.1169975
0.1162924
0.1149617
0.1130652
0.1109271
0.1089241
0.107261
0.1058307
0.1042902
0.1022456
0.0994899
0.09616844
0.09273145
0.08974019
0.0875733
0.08628311
0.08556695
0.08495114
0.0840125
0.08253504
0.0805534
0.07826174
0.07584566
0.0733903
0.07085522
0.06815051
0.06521843
0.0620538
0.05867365
0.05509086
0.05194346
0.04800093
0.04404765
0.0402015
0.03650754
0.03285645
0.02898453
0.02458718
0.01943653
0.01349776
0.008905366
0.002371888
0
0
0
0
0
0
0
0
0
0
0
0
0
0
0
0
0
0
0
0
0
0
0
0
0
0
0
0
0
0
0
0
0
0
0
0
0
0
0
0
0
0
0
0
0
0
0
0
0
0
0
0
0
0
0
0
0
0
0
0
0
0
0
0
0
0
0
0
0
0
0
0
0
0
0
0
0
0.007606955
0.01774343
0.02702623
0.0354055
0.04283155
0.04927204
0.05406956
0.05852079
0.06214747
0.06512752
0.0676899
0.07007559
0.07247719
0.07499892
0.07763173
0.0802813
0.08283783
0.0852441
0.08751909
0.08973552
0.09195552
0.09417023
0.09629245
0.09820248
0.09978705
0.1010092
0.1019564
0.1028216
0.1038168
0.1050603
0.1065065
0.1079465
0.1091218
0.1098357
0.1100251
0.109826
0.1095287
0.1094974
0.1100077
0.1111145
0.1126335
0.1141728
0.1152818
0.1155711
0.1148307
0.1131
0.1106481
0.1078666
0.1050969
0.1025155
0.100133
0.09782896
0.09549893
0.09311578
0.09074592
0.08853573
0.08660447
0.08500985
0.08372799
0.08268633
0.08182862
0.08111429
0.08051975
0.07998605
0.07939719
0.07857945
0.07736301
0.0756471
0.07345939
0.07095556
0.06836633
0.06590779
0.06371578
0.06181322
0.06010168
0.05841552
0.0565716
0.05442747
0.05254424
0.04965486
0.04649756
0.04318748
0.03982198
0.03646224
0.03310864
0.02970493
0.02617771
0.02244377
0.01845543
0.01419823
0.009683791
0.007017502
0.002303123
0
0
0
0
0
0
0
0
0
0
0
0
0
0
0
0
0
0
0
0
0
0
0
0
0
0
0
0
0
0
0
0
0
0
0
0
0
0
0
0
0
0
0
0
0
0
0
0
0
0
0
0
0
0
0
0
0
0
0
0
0
0
0
0
0
0
0
0
0
0.009275568
0.01952884
0.02879943
0.03694926
0.04398249
0.04997509
0.05438124
0.05855632
0.06195097
0.06460197
0.0665743
0.06798377
0.06904115
0.07001198
0.07117528
0.07274343
0.07480854
0.077322
0.08015545
0.08312855
0.08607338
0.08887011
0.09144694
0.09378791
0.09594833
0.09799254
0.0999904
0.1019638
0.1038518
0.1055097
0.1068004
0.107683
0.1083207
0.1090197
0.1100592
0.111513
0.1131972
0.1147657
0.1159443
0.1166479
0.1170201
0.1173078
0.1176827
0.1181199
0.1184078
0.1182561
0.1174879
0.1161052
0.1142746
0.1121743
0.1099125
0.1075227
0.1050036
0.1024126
0.0998901
0.09765615
0.09595157
0.09492468
0.09454728
0.09457344
0.09462751
0.09436364
0.0936439
0.09259553
0.09155749
0.09089246
0.09078933
0.09112103
0.09149853
0.09143747
0.09056072
0.08879028
0.08636036
0.08370777
0.08129083
0.07942485
0.07820115
0.07753457
0.07724561
0.07716125
0.07711172
0.07695915
0.07656289
0.07577112
0.07445629
0.07252251
0.0699577
0.06681521
0.06316113
0.05902652
0.05435338
0.0496571
0.04366602
0.03714325
0.03033633
0.02355299
0.0171084
0.011273
0.008262294
0.004408067
0.001505611
0
0
0
0
0
0
0
0
0
0
0
0
0
0
0
0
0
0
0
0
0
0
0
0
0
0
0
0
0
0
0
0
0
0
0
0
0
0
0
0
0
0
0
0
0
0
0
0
0
0
0
0
0
0
0.001546852
0.001714831
0.001452453
0
0
0
0
0
0
0
0
0.001168416
0.001501704
0.001805667
0.002054569
0.002184754
0.002138485
0.001897432
0.00149972
0
0
0
0
0
0
0
0
0
0
0
0
0
0
0
0
0.001214686
0.001339558
0.001375708
0.001276281
0
0
0
0
0
0
0
0
0
0.001094869
0.001287816
0.001357938
0.001275023
0
0
0
0
0
0
0
0
0
0
0.001130448
0.00115823
0
0
0
0
0
0
0
0
0
0
0
0
0
0
0
0
0
0
0
0
0
0
0
0
0
0
0
0
0
0
0
0
0
0
0
0
0
0
0
0
0
0
0
0
0
0
0
0
0
0
0
0
0
0
0
0.001117298
0.001160351
0
0
0
0
0
0
0
0
0
0
0
0
0
0
0
0
0
0
0
0
0
0
0
0
0
0
0
0
0
0
0
0
0
0
0
0
0
0
0
0
0
0
0
0
0
0
0
0
0
0
0
0
0
0
0
0
0
0
0
0
0
0
0
0
0
0
0
0
0
0
0
0
0
0
0
0
0
0.00140056
0.001858669
0.002045805
0.001953026
0.001675537
0.001360861
0.001135697
0
0.001104022
0.001224815
0.001334962
0.001323316
0.001085029
0
0
0
0
0
0
0
0.00199476
0.002994793
0.003366459
0.003261103
0.003003266
0.002929551
0.003152633
0.003537397
0.00386603
0.003966163
0.003837493
0.003602281
0.003423417
0.003340026
0.003303207
0.003205016
0.002978355
0.002657136
0.002337163
0.00209026
0.001959527
0.001910311
0.001845449
0.001717437
0.001470887
0.001137702
0
0
0
0
0
0
0.00110409
0.001401922
0.001585914
0.001631238
0.001550628
0.001388438
0.001171155
0
0
0
0
0
0
0
0
0
0
0
0
0
0
0
0
0
0
0
0
0
0
0
0
0
0
0
0
0
0
0
0
0
0
0
0
0
0
0
0
0
0
0
0
0
0
0
0
0
0
0
0
0
0
0
0
0
0
0
0
0
0
0
0.00112804
0.00113472
0
0
0
0
0
0
0
0
0
0
0
0
0
0
0.001273092
0.001593459
0.001592596
0.001294086
0
0
0
0
0
0
0
0
0
0
0
0
0
0
0
0
0
0
0
0
0
0
0
0
0
0
0
0
0
0
0
0
0
0
0
0
0
0
0
0
0
0
0
0
0
0
0
0
0
0
0
0
0
0
0
0
0
0
0
0
0
0
0
0
0
0
0
0
0
0
0
0
0
0
0
0
0
0
0
0
0
0
0
0
0
0
0
0
0
0
0
0
0
0
0
0
0
0
0
0
