0.001681859
0.003395261
0.005142151
0.006921316
0.008727318
0.01055082
0.01238064
0.01420643
0.01602234
0.01782897
0.01963373
0.0214481
0.02328368
0.02514874
0.0270467
0.02897672
0.03093588
0.03292106
0.03493001
0.03696096
0.03901182
0.04107883
0.04315597
0.04523527
0.04730735
0.04936194
0.05138834
0.05337598
0.05531573
0.05720088
0.05902853
0.06079986
0.06252119
0.06420467
0.06586819
0.06753355
0.0692219
0.07094854
0.07271747
0.07451886
0.07633023
0.07812121
0.07986137
0.08152772
0.08310972
0.0846099
0.08604057
0.08741874
0.08876105
0.09008057
0.09138613
0.09268232
0.09397112
0.09525301
0.09652751
0.0977935
0.09904843
0.1002881
0.1015065
0.1026966
0.1038516
0.1049659
0.1060365
0.1070631
0.10806
0.109019
0.1099459
0.1108472
0.1117289
0.1125965
0.1134529
0.1142988
0.1151322
0.1159501
0.1167495
0.1175288
0.1182878
0.1190285
0.1197536
0.1204667
0.1211709
0.1218676
0.1225553
0.1232291
0.1238803
0.1244979
0.1250711
0.1255907
0.1260519
0.1264543
0.1268009
0.1270965
0.1273458
0.127551
0.1277116
0.1278627
0.1279623
0.128002
0
0
0
0
0
0
0
0
0
0
0
0
0
0
0
0
0
0
0
0
0
0
0
0
0
0
0
0
0
0
0
0
0
0
0
0
0
0
0
0
0
0
0
0
0
0
0
0
0
0
0
0
0
0
0
0
0
0
0
0
0
0
0
0
0
0
0
0
0
0
0
0
0
0
0
0
0
0
0
0
0
0
0
0
0
0
0
0
0
0
0
0
0
0
0
0
0
0
0
0
0
0
0
0
0
0
0.0001648846
0.000527375
0.001081
0.001813508
0.002708223
0.00373279
0.004876327
0.006116669
0.00743239
0.00880456
0.01021815
0.01166333
0.01313576
0.0146361
0.01616822
0.01773683
0.01934479
0.02099169
0.02267355
0.02438418
0.02611745
0.02786852
0.02963504
0.0314167
0.03321454
0.03502974
0.03686336
0.03871556
0.04058566
0.04247218
0.04437241
0.0462827
0.0481986
0.05011526
0.05202787
0.05393229
0.05582526
0.05770513
0.05957267
0.06143124
0.0632865
0.06514437
0.0670088
0.06887969
0.0707525
0.07261963
0.07447363
0.07631006
0.07812968
0.07993857
0.08174532
0.08355796
0.08538076
0.08721302
0.08905015
0.09088541
0.09271152
0.09452206
0.09631228
0.09808006
0.09982658
0.1015558
0.1032728
0.1049806
0.1066781
0.1083591
0.1100154
0.1116395
0.1132287
0.1147861
0.1163189
0.117835
0.1193392
0.1208317
0.122308
0.1237604
0.1251794
0.1265548
0.1278774
0.12914
0.1303396
0.1314775
0.132559
0.1335917
0.1345949
0.1355623
0.1364979
0.1374044
0.1382837
0.1391369
0.1399646
0.1407657
0.1415378
0.1422772
0.1429799
0.1436418
0.14426
0.1448327
0.1453602
0.1458444
0.1462881
0.146693
0.1470578
0.1473773
0.1476433
0.1478459
0.1480133
0.1481035
0
0
0
0
0
0
0
0
0
0
0
0
0
0
0
0
0
0
0
0
0
0
0
0
0
0
0
0
0
0
0
0
0
0
0
0
0
2.162989E-05
4.696394E-05
7.229799E-05
0
0
0
0
0
0
0
0
0
0
0
0
0
0
0
0
0
0
0
0
0
0
0
0
0
0
0
0
0
0
2.254671E-05
5.091637E-05
8.28034E-05
0.0001148131
0.0001433954
0.0001659741
0
0
0
0
0
0
0
0
0
0
0
0
0
0
0
0
0
0
0
0
0
0
0
0
0
0
0
0
0
0
0
0
0
0
0
0
0
0
0
0
0
0
0
0
0
0
0
0
0
0
0
0
0
0
0
2.576407E-05
5.379876E-05
7.88111E-05
0
0
0
0
0
0
0
0
0
0
0
0
0
0
0
0
0
0
0
0
0
2.110856E-05
0
0
0
0
0
0
0
0
0
0
0
0
0
0
0
0
0
0
0
0
0
0
0
0
0
0
0
0
0
0
0
0
0
0
0
0
0
0
0
0
0
0
0
0
0
0
0
0
0
0
0
0
0
0
0
0
0
0
0
0
0
0
0
0
0
0
0
0
0
0
0
2.18476E-05
4.672823E-05
7.37112E-05
0.0001012569
0.0001273394
0.0001500037
0
0
0
0
0
0
0
0
0
0
0
0
3.273249E-05
9.793654E-05
0.0002068849
0.0003697741
0.0005601809
0.0008217758
0.001156182
0.001559263
0.002019508
0.002517364
0.003026897
0.003519578
0.003969823
0.004359507
0.004680827
0.004935988
0.005134676
0.005290365
0.005454748
0.005602124
0.005739904
0.00587205
0.005999654
0.006121803
0.006236354
0.006340763
0.006432999
0.006512283
0.00657944
0.006636573
0.006686246
0.006729993
0.00676722
0.006793797
0
0
0
0
0
0
0
0
0
0
0
0
0
0
0
0
0
0
0
0
0
0
0
0
0
0
0
0
0
0
0
0
0
0
0
0
0
0
0
0
0
0
0
0
0
0
0
0
0
0
0
0
0
0
0
0
0
0
0
0
0
0
3.402154E-05
0.0002469929
0.0006681383
0.001279515
0.002062525
0.002997818
0.004051681
0.005211742
0.00645091
0.007739529
0.009048383
0.01035299
0.01163784
0.01289873
0.01414187
0.01538053
0.01663059
0.01790649
0.01921899
0.02057441
0.0219751
0.02341997
0.02490538
0.02642586
0.02797537
0.02954835
0.03114108
0.03275236
0.03438352
0.03603785
0.03771972
0.03943312
0.04118001
0.04295917
0.04476517
0.04658868
0.0484185
0.05024429
0.0520602
0.05386683
0.05567159
0.05748596
0.05932155
0.0611866
0.06308456
0.06501458
0.06697374
0.06895893
0.07096788
0.07299882
0.07504968
0.07711668
0.07919382
0.08127313
0.0833452
0.08539981
0.0874262
0.08941384
0.09135359
0.09323874
0.09506639
0.09683773
0.09855904
0.1002425
0.1019061
0.1035714
0.1052598
0.1069864
0.1087553
0.1105567
0.1123681
0.1141591
0.1158992
0.1175656
0.1191476
0.1206478
0.1220784
0.1234566
0.1247989
0.1261184
0.127424
0.1287201
0.130009
0.1312908
0.1325653
0.1338313
0.1350862
0.1363259
0.1375443
0.1387344
0.1398894
0.1410037
0.1420743
0.143101
0.1440978
0.1450568
0.1459838
0.146885
0.1477668
0.1486343
0.1494907
0.1503366
0.15117
0.1519879
0.1527873
0.1535666
0.1543257
0.1550663
0.1557914
0.1565045
0.1572087
0.1579054
0.1585931
0.1592669
0.1599181
0.1605358
0.1611089
0.1616285
0.1620898
0.1624921
0.1628387
0.1631343
0.1633836
0.1635888
0.1637494
0.1639006
0.1640001
0.1640399
0
0
0
0
0
0
0
0
0
0
0
0
0
0
0
0
0
0
0
0
0
0
0
0
0
0
0
0
0
0
0
0
0
0
0
0
0
0
0
0
0
0
0
0
0
0
0
0
0
0
0
0
0
0
0
0
0
0
0
0
0
0
0
0
0
0
0
0
0
0
0
0
0
0
0
0
0
0
0
0
0
0
0
0
0
0
0
0
0
0
0
0
0
0
0
0
0
0
0
0
0
0
0
0
0
0
0.0001648846
0.000527375
0.001081
0.001813508
0.002708223
0.00373279
0.004876327
0.006116669
0.00743239
0.00880456
0.01021815
0.01166333
0.01313576
0.0146361
0.01616822
0.01773683
0.01934479
0.02099169
0.02267355
0.02438418
0.02611745
0.02786852
0.02963504
0.0314167
0.03321454
0.03502974
0.03686336
0.03871556
0.04058566
0.04247218
0.04437241
0.0462827
0.0481986
0.05011526
0.05202787
0.05393229
0.05582526
0.05770513
0.05957267
0.06143124
0.0632865
0.06514437
0.0670088
0.06887969
0.0707525
0.07261963
0.07447363
0.07631006
0.07812968
0.07993857
0.08174532
0.08355796
0.08538076
0.08721302
0.08905015
0.09088541
0.09271152
0.09452206
0.09631228
0.09808006
0.09982658
0.1015558
0.1032728
0.1049806
0.1066781
0.1083591
0.1100154
0.1116395
0.1132287
0.1147861
0.1163189
0.117835
0.1193392
0.1208317
0.122308
0.1237604
0.1251794
0.1265548
0.1278774
0.12914
0.1303396
0.1314775
0.132559
0.1335917
0.1345949
0.1355623
0.1364979
0.1374044
0.1382837
0.1391369
0.1399646
0.1407657
0.1415378
0.1422772
0.1429799
0.1436418
0.14426
0.1448327
0.1453602
0.1458444
0.1462881
0.146693
0.1470578
0.1473773
0.1476433
0.1478459
0.1480133
0.1481035
0
0
0
0
0
0
0
0
0
0
0
0
0
0
0
0
0
0
0
0
0
0
0
0
0
0
0
0
0
0
0
0
0
0
0
0
0
0
0
0
0
0
0
0
0
0
0
0
0
0
0
0
0
0
0
0
0
0
0
0
0
0
0
0
0
0
0
0
0
0
0
0
0
0
0
0
0
0
0
0
0
0
0
0
0
0
0
0
0
0
0
0
0
0
0
0
6.109387E-05
0.0003087079
0.0007942742
0.001512561
0.002444079
0.003543047
0.004779296
0.006108705
0.007491513
0.008898062
0.01031179
0.01172837
0.01315211
0.01459115
0.01605353
0.01754479
0.01906749
0.02062164
0.02220533
0.02381569
0.02545009
0.0271074
0.02878909
0.03049941
0.03224424
0.03402942
0.03585846
0.03773132
0.0396438
0.04158823
0.04355533
0.04553563
0.04752154
0.04950786
0.05149222
0.05347426
0.05545459
0.05743382
0.05941176
0.06138789
0.06336199
0.06533469
0.06730723
0.06928058
0.0712546
0.0732279
0.07519823
0.07716361
0.07912278
0.08107492
0.08301868
0.08495086
0.08686631
0.08875888
0.09062384
0.09245956
0.0942678
0.09605198
0.09781493
0.09955743
0.1012783
0.1029756
0.1046477
0.1062941
0.1079152
0.1095113
0.1110824
0.1126277
0.1141461
0.1156366
0.1170988
0.1185328
0.1199391
0.1213167
0.1226632
0.1239737
0.1252414
0.1264591
0.127621
0.1287237
0.1297673
0.1307661
0.1317116
0.1326086
0.1334617
0.134276
0.1350566
0.1358086
0.1365377
0.1372491
0.1379481
0.1386386
0.1393227
0.1399997
0.1406659
0.1413147
0.1419363
0.1425183
0.1430465
0.1435054
0.1438803
0.1441579
0.144328
0.1444245
0
0
0
0
0
0
0
0
0
0
0
0
0
0
0
0
0
0
0
0
0
0
0
0
0
0
0
0
0
0
0
0
0
0
0
0
0
0
0
0
0
0
0
0
0
0
0
0
0
0
0
0
0
0
0
0
0
0
0
0
0
0
0
0
0
0
0
0
0
0
0
0
0
0
0
0
0
0
0
0
0
0
0
0
0
0
0
0
0
0
0
0
0
0
0
0
0
0
0
0
0
0
3.274047E-05
0.0001606668
0.0003566838
0.0006678255
0.001098411
0.00164885
0.002315266
0.003089732
0.003960698
0.004913554
0.005931442
0.006984319
0.008069259
0.009175563
0.01029819
0.01143745
0.01259686
0.01378052
0.01499125
0.01622997
0.01749642
0.01879017
0.02011159
0.02146215
0.02284434
0.02426224
0.02572165
0.02722954
0.0287928
0.03041652
0.03210175
0.03384458
0.03563626
0.0374643
0.03931468
0.04117376
0.04303008
0.04487539
0.04670525
0.04851984
0.05032428
0.05212745
0.05394034
0.05577312
0.05763278
0.05952215
0.06144005
0.06338231
0.06534318
0.06731685
0.06929765
0.0712802
0.073259
0.07522929
0.07718885
0.07913865
0.08108258
0.08302471
0.08496668
0.08690669
0.08884075
0.09076527
0.09267983
0.09458795
0.09649613
0.09841111
0.1003368
0.1022723
0.1042119
0.1061463
0.1080643
0.1099548
0.1118078
0.1136159
0.115375
0.117085
0.1187488
0.1203702
0.1219533
0.1235011
0.1250169
0.1265054
0.1279735
0.1294291
0.1308794
0.132328
0.133774
0.1352123
0.1366368
0.1380429
0.1394298
0.1408003
0.142159
0.1435106
0.1448583
0.1462037
0.1475467
0.1488853
0.1502163
0.1515359
0.1528404
0.1541277
0.1553968
0.1566467
0.1578753
0.1590783
0.1602498
0.1613842
0.1624776
0.1635291
0.1645408
0.1655275
0.1664799
0.1673985
0.168281
0.1691227
0.1699165
0.1706536
0.1713238
0.171915
0.1724127
0.1728005
0.1730592
0.1732074
0
0
0
0
0
0
0
0
0
0
0
0
0
0
0
0
0
0
0
0
0
0
0
0
0
0
0
0
0
0
0
0
0
0
0
0
0
0
0
0
0
0
0
0
0
0
0
0
0
0
0
0
0
0
0
0
0
0
0
0
0
0
0
0
0
0
0
0
0
0
0
0
0
0
0
0
0
0
0
0
0
0
0
0
0
0
0
0
0
0
0
0
0
0
0
0
0
0
0
0
0
0
0
0
0
0
0
0
0
0
0
0
0
0
0
0
0
0
0
0
0
0
0
0
0
0
0
0
0
0
0
0
0
0
0
0
0
0
0
0
0
0
0
0
0
0
0
0
0
0
0
0
0
0
0
0
0
0
0
0
0
0
0
0
0
0
0
0
0
0
0
0
0
0
0
0
0
0
0
0
0
0
0
0
0
0
0
0
0
0
0
0
0
0
0
0
0
0
0
0
0
0
7.710463E-05
0.0002267598
0.0004857095
0.0008351107
0.001244864
0.001686551
0.00215512
0.002700995
0.003476283
0.00477725
0.007136563
0.01129546
0.01813118
0.02782654
0.0404888
0.05600014
0.07374635
0.09273397
0.1118342
0.1300669
0.1468075
0.1618503
0.175327
0.1875426
0.1988129
0.209374
0.2193696
0.2288877
0.2380065
0.2468174
0.2554263
0.2639307
0.2723945
0.2808369
0.2892353
0.2975469
0.305731
0.3137617
0.3216581
0.3293364
0.3368028
0.3440685
0.3511513
0.3580736
0.3648551
0.3715104
0.3780437
0.3844504
0.3907212
0.3968463
0.4028091
0.4086134
0.4142591
0.4197524
0.4251072
0.4303419
0.435476
0.4405241
0.4454951
0.4503927
0.4552203
0.4599826
0.4646872
0.4693401
0.4739407
0.4784796
0.4829404
0.4873047
0.4915566
0.4956858
0.4996861
0.5035547
0.5072922
0.5109026
0.5143951
0.5177817
0.521076
0.5242894
0.5274289
0.5304973
0.5334938
0.5364161
0.5392638
0.5420393
0.544747
0.547392
0.5499774
0.5525024
0.5549637
0.5573578
0.5596842
0.5619478
0.564158
0.5663254
0.5684576
0.5705574
0.5726234
0.5746528
0.5766428
0.5785912
0.5804961
0.582356
0.5841706
0.5859424
0.5876759
0.5893772
0.5910521
0.592705
0.594339
0.5959558
0.5975568
0.5991415
0.6007087
0.6022567
0.6037839
0.6052904
0.6067775
0.6082474
0.6097007
0.6111357
0.612549
0.6139377
0.6153023
0.6166475
0.6179806
0.6193082
0.6206337
0.6219558
0.6232685
0.6245641
0.6258345
0.6270739
0.6282796
0.6294517
0.6305926
0.6317065
0.6327981
0.6338714
0.6349289
0.6359708
0.6369956
0.6380145
0.6390142
0.6399953
0.6409587
0.6419055
0.6428372
0.643756
0.6446644
0.645565
0.6464601
0.6473503
0.6482351
0.6491127
0.6499805
0.6508363
0.6516788
0.6525087
0.6533285
0.6541412
0.6549493
0.6557534
0.6565514
0.6573398
0.6581149
0.658875
0.6596203
0.6603522
0.6610726
0.6617824
0.6624821
0.6631721
0.6638538
0.6645295
0.6652023
0.6658748
0.6665485
0.6672226
0.6678943
0.6685596
0.6692148
0.6698575
0.6704881
0.6711096
0.6717261
0.672342
0.6729603
0.6735818
0.6742057
0.6748297
0.6754508
0.6760668
0.6766769
0.6772821
0.6778845
0.678486
0.6790872
0.6796868
0.6802828
0.6808738
0.6814609
0.6820464
0.6826332
0.6832221
0.6838108
0.6843944
0.6849677
0.6855272
0.6860727
0.6866071
0.6871348
0.6876596
0.6881828
0.6887032
0.6892177
0.6897234
0.6902189
0.6907045
0.6911821
0.6916534
0.6921189
0.6925783
0.6930303
0.6934744
0.6939105
0.6943392
0.6947607
0.6951749
0.6955814
0.6959797
0.6963707
0.6967553
0.6971349
0.6975096
0.6978796
0.6982448
0.6986058
0.6989648
0.699324
0.6996858
0.7000512
0.7004198
0.7007899
0.7011594
0.701526
0.7018886
0.7022459
0.7025974
0.7029428
0.703282
0.7036158
0.7039456
0.7042726
0.7045978
0.7049217
0.7052447
0.7055684
0.7058957
0.7062299
0.7065741
0.7069289
0.707292
0.7076589
0.7080241
0.7083834
0.7087347
0.7090783
0.7094159
0.7097499
0.7100821
0.7104137
0.7107447
0.7110744
0.7114008
0.7117214
0.7120343
0.7123392
0.7126375
0.7129327
0.7132284
0.7135268
0.7138281
0.7141307
0.7144319
0.7147297
0.7150227
0.7153109
0.7155954
0.715878
0.7161617
0.7164495
0.7167439
0.7170452
0.7173511
0.7176574
0.7179595
0.7182553
0.718546
0.7188353
0.7191275
0.7194246
0.7197251
0.7200237
0.7203139
0.7205905
0.7208515
0.7210987
0.7213369
0.7215711
0.721805
0.7220391
0.7222713
0.7224981
0.7227166
0.7229255
0.7231258
0.7233195
0.7235087
0.7236938
0.7238738
0.7240458
0.7242067
0.7243557
0.7244949
0.7246299
0.7247679
0.7249148
0.7250744
0.7252467
0.7254305
0.7256235
0.7258247
0.7260329
0.7262471
0.7264643
0.7266797
0.7268876
0.7270831
0.7272635
0.7274289
0.7275815
0.7277249
0.7278627
0.7279982
0.728134
0.7282722
0.7284138
0.7285593
0.7287087
0.7288622
0.7290205
0.7291849
0.7293572
0.7295381
0.7297274
0.7299231
0.7301226
0.7303232
0.7305233
0.7307222
0.7309198
0.731116
0.7313107
0.7315035
0.7316942
0.7318822
0.7320659
0.7322434
0.7324128
0.732573
0.7327247
0.7328704
0.7330137
0.7331583
0.7333059
0.7334566
0.7336091
0.7337624
0.7339161
0.7340708
0.7342271
0.7343841
0.7345399
0.7346916
0.7348372
0.7349765
0.7351108
0.7352799
0.7354472
0.7356122
0.7357737
0.735931
0.7360846
0.7362366
0.7363892
0.7365434
0.7366984
0.7368528
0.7370051
0.7371553
0.7373053
0.7374571
0.7376125
0.7377717
0.7379342
0.7380992
0.7382665
0.7384368
0.7385736
0.7387141
0.7388566
0.7389984
0.7391369
0.7393079
0.7394739
0.7396352
0.739793
0.7399487
0.740104
0.7402605
0.7404197
0.7405819
0.7407471
0.7409149
0.7410845
0.7412558
0.7413905
0.7415253
0.7416959
0.7418627
0.7420236
0.7421782
0.7423273
0.7424739
0.742622
0.742776
0.7429398
0.7430787
0.7432307
0.7433933
0.7435614
0.7437285
0.7438884
0.744036
0.7442062
0.7443619
0.7445052
0.7446399
0.7447716
0.7449054
0.7450454
0.7451931
0.7453474
0.7455055
0.7456639
0.7458199
0.7459717
0.7461187
0.7462605
0.7463971
0.7465285
0.7466562
0.7467828
0.7469125
0.7470488
0.7471933
0.7473446
0.7474982
0.7476486
0.7477913
0.7479244
0.7480494
0.7481704
0.7482924
0.7484199
0.7485555
0.7486995
0.7488505
0.7490056
0.749162
0.7493176
0.7494709
0.7496212
0.7497679
0.7499105
0.7500491
0.7501846
0.7503191
0.7504551
0.7505941
0.7507359
0.7508785
0.7510184
0.7511532
0.751282
0.7514058
0.7515271
0.7516489
0.7517737
0.7519031
0.7520375
0.7521757
0.7523158
0.7524551
0.752591
0.752722
0.7528474
0.752968
0.7530847
0.7531989
0.7533119
0.7534257
0.7535422
0.753664
0.753792
0.7539256
0.7540616
0.7541959
0.7543247
0.7544473
0.754566
0.7546864
0.7548141
0.7549532
0.7551033
0.7552606
0.7554185
0.7555713
0.7557153
0.7558503
0.7559789
0.7561046
0.7562308
0.7563592
0.7564887
0.7566171
0.7567406
0.7568568
0.7569648
0.7570662
0.7571647
0.7572646
0.7573698
0.7574822
0.7576008
0.7577229
0.7578444
0.7579619
0.7580737
0.7581802
0.7582837
0.7583873
0.7584935
0.7586037
0.7587175
0.7588338
0.7589514
0.7590698
0.7591893
0.7593108
0.7594351
0.7595615
0.7596882
0.7598119
0.7599289
0.7600363
0.7601324
0.7602178
0.7602949
0.7603671
0.7604383
0.7605115
0.7605885
0.76067
0.760756
0.7608457
0.760938
0.7610314
0.761123
0.7612097
0.7612883
0.7613576
0.7614182
0.7614734
0.7615277
0.7615858
0.7616505
0.7617232
0.7618037
0.7618911
0.7619843
0.7620821
0.7621834
0.7622862
0.7623885
0.7624885
0.7625855
0.76268
0.7627742
0.7628706
0.7629712
0.7630764
0.7631845
0.763292
0.7633948
0.7634899
0.7635763
0.7636559
0.7637329
0.7638118
0.7638964
0.7639883
0.7640863
0.7641878
0.7642893
0.7643881
0.7644829
0.7645732
0.7646593
0.7647417
0.7648206
0.7648959
0.764968
0.7650377
0.7651057
0.7651734
0.7652411
0.7653086
0.765375
0.7654393
0.7655016
0.7655638
0.7656292
0.7657009
0.7657807
0.7658677
0.7659581
0.7660475
0.7661316
0.7662085
0.7662786
0.7663429
0.766403
0.7664599
0.7665139
0.7665659
0.7666172
0.7666696
0.7667243
0.7667816
0.7668403
0.7668988
0.7669556
0.7670105
0.7670649
0.7671213
0.7671821
0.7672482
0.7673178
0.7673872
0.767451
0.7675046
0.7675455
0.7675738
0
0
0
2.2321E-05
5.205664E-05
8.833337E-05
0.0001285195
0.0001698839
0.0002107149
0.0002507767
0.0002907541
0.0003313994
0.0003730877
0.0004154846
0.0004576508
0.0004985526
0.0005371788
0.0005729315
0.000605602
0.0006351792
0.0006618674
0.0006861807
0.000708721
0.0007297703
0
0
0
0
0
0
0
0
0
0
0
0
0
0
0
0
0
0
0
0
0
0
0
0
0
0
0
0
0
0
0
0
0
0
0
0
0
0
0
0
0
0
0
2.280593E-05
4.791209E-05
7.309447E-05
9.62417E-05
0
0
0
0
0
2.427113E-05
5.45369E-05
8.87024E-05
0.0001240253
0.0001584299
0.0001908923
0.0002211122
0.0002489336
0.0002743384
0.0002978694
0.000320869
0.0003453409
0.000372755
0.0004032264
0.0004351421
0.0004658691
0.0004927578
0.000513924
0
0
0
0
0
0
0
0
0
0
0
0
0
0
0
0
0
0
0
0
0
0
0
0
0
0
0
0
0
0
0
0
0
0
0
0
0
0
0
0
0
0
0
0
0
0
0
0
0
0
0
0
0
0
0
0
0
0
0
0
0
0
0
0
0
0
0
0
0
0
0
0
0
0
0
0
0
0
0
0
0
0
0
0
0
0
0
0
0
0
0
0
0
0
0
0
0
0
0
0
0
0
0
0
0
0
0
0
0
0
0
0
0
0
0
0
0
0
0
0
0
0
0
0
0
0
0
0
0
0
0
0
0
0
0
0
0
0
0
0
0
0
0
0
0
0
0
0
0
0
0
0
2.415768E-05
5.256534E-05
8.066231E-05
0.0001046746
0
0
0
0
0
0
0
0
0
0
0
0
0
0
0
0
0
0
0
0
0
0
0
0
0
0
0
0
0
0
0
0
0
0
0
0
0
0
0
0
0
0
0
0
0
0
0
0
0
0
2.407526E-05
5.337177E-05
8.615415E-05
0.0001212509
0.0001575397
0.0001932583
0.0002260381
0.0002535736
0.0002748323
0
0
0
0
0
0
0
0
0
0
0
0
0
0
0
0
0
0
0
0
0
0
0
0
0
0
0
0
0
0
0
0
0
0
0
0
0
0
0
0
0
0
0
0
0
0
0
0
0
0
0
0
0
0
0
0
0
0
0
0
0
0
0
0
0
0
0
0
0
0
0
0
0
0
0
0
0
0
0
0
0
0
0
0
0
0
0
0
0
0
0
0
0
0
0
0
0
0
0
0
0
0
0
0
0
0
0
0
0
0
0
0
0
0
0
0
0
0
0
0
0
0
0
0
0
0
0
0
0
0
0
0
0
0
0
0
0
0
0
0
0
0
0
0
0
0
0
0
0
0
0
0
0
0
0
0
0
0
0
0
0
0
0
0
0
0
0
0
0
0
0
0
0
0
0
0
0
0
0
0
0
0
0
0
0
0
0
0
0
0
0
0
0
0
0
0
0
0
0
0
0
0
0
0
0
0
0
0
0
0
0
0
0
0
0
0
0
0
0
0.0001500028
0.0003840577
0.0006852061
0.00100706
0.001315553
0.001588724
0.00181505
0.001990368
0.002153158
0.00227109
0.002350123
0.002401095
0.002441586
0.002495889
0.002591695
0.002754015
0.002965307
0.00326632
0.003644966
0.004077752
0.004535692
0.004990372
0.005418425
0.005803795
0.006137624
0.006417093
0.006643894
0.006823207
0.006962872
0.007111632
0.007242208
0.007364063
0.007484587
0.007608326
0.007736863
0.007869754
0.008005528
0.008142689
0.00828041
0.008418641
0.008558101
0.008700148
0.008846426
0.008998529
0.009157596
0.009324096
0.009460333
0.009603363
0.009752347
0.009906866
0.01006752
0.01023676
0.01041951
0.01062354
0.01085851
0.01113502
0.01146297
0.01185077
0.01230626
0.01283755
0.01345425
0.01416763
0.01498976
0.01593288
0.01699659
0.018206
0.01957831
0.02113468
0.02289855
0.02489285
0.02713601
0.02963861
0.03239976
0.03540491
0.03862441
0.04201708
0.04553751
0.04914562
0.05281503
0.05653583
0.06031188
0.06415275
0.06806453
0.07204442
0.07608027
0.08015468
0.08425096
0.08835785
0.09247088
0.09659186
0.1007262
0.1048796
0.109056
0.1132568
0.1174826
0.1217346
0.1260155
0.1303299
0.1346816
0.1390716
0.1434963
0.1479467
0.1524095
0.1568707
0.1613196
0.1657517
0.1701691
0.1745778
0.1789833
0.1833857
0.1877792
0.192154
0.1965013
0.200816
0.2050985
0.2093513
0.2135771
0.2177762
0.2219477
0.2260909
0.230208
0.2343037
0.2383838
0.2424531
0.246514
0.2505652
0.2546023
0.2586182
0.2626036
0.2665485
0.2704435
0.2742826
0.2780649
0.2817945
0.28548
0.2891339
0.2927707
0.2964053
0.3000499
0.303712
0.3073913
0.3110783
0.314755
0.3183978
0.3219844
0.3254985
0.3289332
0.3322893
0.335572
0.3387875
0.3419409
0.3450359
0.3480731
0.3510506
0.3539646
0.3568113
0.3595898
0.3623034
0.3649591
0.3675636
0.3701195
0.372622
0.3750603
0.3774231
0.3797049
0.3819093
0.3840476
0.386133
0.3881767
0.3901847
0.3921591
0.3941014
0.3960125
0.397893
0.3997411
0.4015532
0.4033258
0.4050581
0.4067557
0.4084308
0.410101
0.4117855
0.4135011
0.4152598
0.4170688
0.4189315
0.420847
0.4228104
0.4248116
0.4268363
0.4288689
0.4308964
0.4329114
0.4349124
0.4369014
0.4388809
0.4408504
0.4428061
0.4447421
0.4466541
0.4485414
0.4504076
0.4522582
0.4540972
0.4559234
0.457729
0.4595011
0.4612244
0.4628849
0.4644722
0.4659791
0.4673997
0.4687271
0.4699524
0.4710661
0.4720718
0.4729503
0.4736987
0.4743148
0.4747955
0.4751343
0.4753215
0.475388
0
0
0
0
0
0
0
0
0
0
0
0
0
0
0
0
0
0
0
0
0
0
0
0
0
0
0
0
0
0
0
0
0
0
0
0
0
0
0
0
0
0
0
0
0
0
0
0
0
0
0
0
0
0
0
0
0
0
0
0
0
0
0
0
0
0
0
0
0
0
0
0
0
0
0
0
4.929279E-05
0.0002743709
0.0007145142
0.001362447
0.002207542
0.00322172
0.004394346
0.005701334
0.007118293
0.00862377
0.01025935
0.01189493
0.0135811
0.01531336
0.01709027
0.01891256
0.02078126
0.02269579
0.02465346
0.02664985
0.02868012
0.03074027
0.03282689
0.03493603
0.03706229
0.03919875
0.0413384
0.04347651
0.04561231
0.04774959
0.04989506
0.05205708
0.05424407
0.05646316
0.05871914
0.06101306
0.06334063
0.06569262
0.06805709
0.07042343
0.07278574
0.07514351
0.07749929
0.07985399
0.08220383
0.0845404
0.08685463
0.08914178
0.09140424
0.09365016
0.09588736
0.09811758
0.1003344
0.1025258
0.1046811
0.1067956
0.1088719
0.1109166
0.1129339
0.1149219
0.116871
0.1187675
0.1206007
0.1223683
0.124079
0.1257483
0.1273931
0.1290242
0.1306435
0.132245
0.1338183
0.1353538
0.1368457
0.1382915
0.1396904
0.1410411
0.1423402
0.1435834
0.1447663
0.1458848
0.1469349
0.1479251
0.1488401
0.1496797
0.1504461
0.151142
0.1517683
0.1523208
0.1527895
0.15316
0.1534173
0.153587
0.1536323
0
0
0
0
0
0
0
0
0
0
0
0
0
0
0
0
0
0
0
0
0
0
0
0
0
0
0
0
0
0
0
0
0
0
0
0
0
0
0
0
0
0
0
0
0
0
0
0
0
0
0
0
0
0
0
0
0
0
0
0
0
0
0
0
0
0
0
0
0
0
0
0
0
0
0
0
0
0.0001450056
0.0004832352
0.0009984159
0.001673324
0.00248979
0.003429025
0.004459713
0.00557525
0.006759921
0.008001397
0.009291719
0.01062752
0.01200909
0.01343874
0.01491858
0.01644892
0.01802799
0.01965294
0.02132125
0.02303181
0.02478469
0.02657979
0.02841534
0.03028729
0.03218946
0.03411492
0.03605844
0.03801845
0.03999743
0.04200012
0.04403037
0.04608807
0.04816818
0.05026189
0.05235922
0.05445274
0.05654061
0.05862788
0.06072487
0.06284297
0.06499001
0.0671664
0.06936393
0.07156698
0.07375591
0.07591185
0.07802105
0.08007722
0.08208061
0.08403479
0.08594354
0.08780839
0.08962881
0.0914038
0.09313363
0.09482132
0.09647219
0.09809267
0.09968871
0.1012649
0.1028247
0.1043709
0.1059058
0.1074306
0.108944
0.1104419
0.1119167
0.1133587
0.114759
0.1161115
0.1174148
0.1186711
0.1198857
0.121064
0.1222096
0.1233232
0.1244016
0.1254391
0.1264407
0.1273872
0.1282736
0.1290968
0.1298559
0.130551
0.1311821
0.1317483
0.1322473
0.1326752
0.133027
0.1332976
0.1334822
0.133616
0.1336599
0
0
0
0
0
0
0
0
0
0
0
0
0
0
0
0
0
0
0
0
0
0
0
0
0
0
0
0
0
0
0
0
0
0
0
0
0
0
0
0
0
0
0
0
0
0
0
0
0
0
0
0
0
0
0
0
0
0
0
0
0
0
0
0
0
0
0
0
0
0.0001768131
0.0005490766
0.001098058
0.001802394
0.002640799
0.003593437
0.004630065
0.00574628
0.006927204
0.008158663
0.009427719
0.01072364
0.01203972
0.01337431
0.01473107
0.01611772
0.01754374
0.01901767
0.02054561
0.02213023
0.02377098
0.02546505
0.02720823
0.02899604
0.03082503
0.03269298
0.03459903
0.03654269
0.03852233
0.04053358
0.04256944
0.04462212
0.04668696
0.04876512
0.05086309
0.05298878
0.05514657
0.05733427
0.05954443
0.061768
0.06399866
0.06623481
0.06847811
0.07072974
0.07298686
0.07524109
0.07748067
0.0796939
0.08187222
0.08401052
0.08610569
0.08815531
0.09015691
0.09210913
0.09401325
0.0958748
0.09770385
0.09951333
0.1013156
0.1031184
0.1049222
0.106721
0.108506
0.1102711
0.1120164
0.113749
0.1154797
0.1172166
0.1189608
0.1207038
0.1224301
0.1241226
0.1257689
0.1273645
0.1289141
0.1304281
0.1319188
0.1333968
0.1348693
0.1363401
0.1378101
0.1392771
0.1407365
0.1421809
0.1436002
0.1449826
0.1463162
0.1475898
0.1487938
0.149919
0.1509551
0.1519017
0.1527341
0.1534421
0.1540204
0.1544693
0.1547955
0.1550104
0.1551679
0.1552519
0.1552806
0
0
0
0
0
0
0
0
0
0
0
0
0
0
0
0
0
0
0
0
0
0
0
0
0
0
0
0
0
0
0
0
0
0
0
0
0
0
0
0
0
0
0
0
0
0
0
0
0
0
0
0
0
0
2.948647E-05
6.217501E-05
8.986201E-05
0
0
0
0
0
0
0
0
2.227264E-05
5.089848E-05
8.531854E-05
0.0001244832
0.0001661295
0.0002068939
0.0002430632
0.0002716512
0
0
0
0
0
0
0
0
0
0
0
0
0
0
0
0
2.315463E-05
4.868962E-05
7.49137E-05
9.924249E-05
0
0
0
0
0
0
0
0
0
2.087066E-05
4.541933E-05
7.130468E-05
9.560947E-05
0
0
0
0
0
0
0
0
0
0
2.154887E-05
4.362734E-05
0
0
0
0
0
0
0
0
0
0
0
0
0
0
0
0
0
0
0
0
0
0
0
0
0
0
0
0
0
0
0
0
0
0
0
0
0
0
0
0
0
0
0
0
0
0
0
0
0
0
0
0
0
0
0
2.129822E-05
4.341712E-05
0
0
0
0
0
0
0
0
0
0
0
0
0
0
0
0
0
0
0
0
0
0
0
0
0
0
0
0
0
0
0
0
0
0
0
0
0
0
0
0
0
0
0
0
0
0
0
0
0
0
0
0
0
0
0
0
0
0
0
0
0
0
0
0
0
0
0
0
0
0
0
0
0
0
0
0
0
2.669782E-05
6.212822E-05
0.0001011259
0.0001383549
0.0001702944
0.0001962355
0.0002178844
0
2.104515E-05
4.439287E-05
6.984024E-05
9.506561E-05
0.0001157487
0
0
0
0
0
0
0
3.802461E-05
9.511208E-05
0.0001592843
0.0002214483
0.0002786973
0.0003345411
0.0003946374
0.0004620681
0.0005357633
0.0006113673
0.0006845185
0.0007531861
0.0008184441
0.0008821125
0.0009450791
0.001006174
0.001062948
0.001113599
0.001158151
0.001197996
0.001235349
0.001271763
0.001306942
0.00133968
0.001367718
0.001389406
0
0
0
0
0
0
2.104643E-05
4.777022E-05
7.800129E-05
0.0001090963
0.0001386548
0.0001651216
0.0001874464
0
0
0
0
0
0
0
0
0
0
0
0
0
0
0
0
0
0
0
0
0
0
0
0
0
0
0
0
0
0
0
0
0
0
0
0
0
0
0
0
0
0
0
0
0
0
0
0
0
0
0
0
0
0
0
0
0
0
0
0
0
0
0
2.150297E-05
4.313328E-05
0
0
0
0
0
0
0
0
0
0
0
0
0
0
2.426798E-05
5.464288E-05
8.500134E-05
0.0001096695
0
0
0
0
0
0
0
0
0
0
0
0
0
0
0
0
0
0
0
0
0
0
0
0
0
0
0
0
0
0
0
0
0
0
0
0
0
0
0
0
0
0
0
0
0
0
0
0
0
0
0
0
0
0
0
0
0
0
0
0
0
0
0
0
0
0
0
0
0
0
0
0
0
0
0
0
0
0
0
0
0
0
0
0
0
0
0
0
0
0
0
0
0
0
0
0
0
0
0
0
